1
51
101
151
251
301
351
401
451
1
51
101
201
251
351
51
151
251
301
351
451
201
201
201
401
201
451
501
551
601
301
301
301
351
401
301
551
601
401
651
401
701
401
751
551
601
701
801
851
901
451
451
501
551
651
701
651
751
651
801
851
651
901
651
701
751
801
701
751
801
851
901
951
1001
1051
1101
1151
701
701
751
751
801
951
801
1001
1051
1101
1151
951
951
1001
951
1051
951
1101
951
1151
951
1201
1251
951
1301
951
1351
951
1401
951
1001
1051
1101
1201
1251
1301
1351
1401
951
1001
1001
1051
1101
1151
1201
1251
1351
1401
1451
1251
1201
1301
1201
1201
1401
1201
1451
1201
1501
1551
1251
1301
1351
1401
1501
1551
1251
1301
1351
1401
1451
1501
1351
1401
1451
1551
1451
1451
1451
1501
1451
1551
1501
1551
1451
1551
1501
1551
1451
1501
1451
1501
1551
1501
1551
1551
1501
1551
1501
1551
1596
