1
51
101
151
201
251
301
351
401
451
1
51
101
151
51
101
151
201
251
301
351
451
501
501
501
501
551
501
501
651
501
701
751
501
801
501
851
501
901
501
951
501
551
551
601
651
701
751
801
851
901
1001
551
551
601
551
651
701
601
601
801
601
851
601
601
951
601
1001
601
651
701
801
851
901
951
1001
601
651
701
751
801
851
901
951
1001
1051
1101
951
951
951
1001
951
1051
951
1101
951
1151
951
1201
951
1251
951
1301
951
1351
951
1401
951
1001
1051
1101
1001
1051
1151
1201
1251
1301
1351
1401
1451
1001
1001
1051
1101
1051
1151
1051
1201
1051
1251
1051
1301
1051
1351
1051
1401
1051
1451
1051
1101
1151
1201
1251
1301
1351
1401
1451
1101
1151
1201
1251
1351
1451
1501
1551
1151
1151
1151
1201
1151
1251
1151
1301
1351
1151
1401
1151
1451
1151
1151
1551
1251
1301
1351
1401
1551
1201
1201
1251
1301
1301
1401
1451
1351
1551
1401
1401
1451
1451
1501
1451
1551
1501
1551
1451
1501
1551
1451
1551
1451
1501
1551
1501
1501
1501
1551
1501
1551
1551
1501
1551
1501
1551
1551
1501
1551
1501
1551
1501
1551
1551
1501
1551
1501
1551
1501
1551
1501
1551
1501
1551
1501
1551
1501
1551
1596
