1
51
101
151
201
251
301
351
401
451
151
201
251
301
351
401
451
501
551
501
601
551
601
551
601
651
701
751
851
901
951
1001
601
651
651
701
651
751
651
801
651
851
901
951
1001
801
1051
801
851
901
951
1051
901
951
1001
1051
1101
1151
1201
1301
851
851
901
951
1051
1051
1101
1151
1101
1201
1101
1101
1301
1101
1151
1201
1251
1301
1151
1201
1251
1301
1351
1401
1451
1501
1551
1601
1251
1251
1251
1301
1251
1351
1251
1401
1251
1451
1251
1501
1251
1551
1251
1601
1251
1651
1251
1701
1251
1301
1351
1401
1451
1551
1301
1351
1401
1451
1501
1551
1601
1651
1751
1351
1351
1351
1401
1351
1451
1351
1501
1551
1601
1651
1701
1751
1801
1651
1651
1651
1701
1651
1751
1651
1801
1651
1851
1651
1901
1651
1951
1701
1801
1851
1901
1951
1651
1701
1751
1701
1751
1801
1851
1951
1701
1701
1751
1751
1801
1851
1751
1751
1951
1751
1801
1951
1751
1801
1851
1951
1851
1901
1951
1801
1801
1851
1801
1901
1801
1951
1801
1851
1951
1801
1851
1901
1951
1801
1901
1951
1851
1851
1851
1901
1851
1951
1851
1901
1851
1901
1951
1901
1951
1901
1951
1951
1951
1957
