1
51
101
151
201
251
301
351
401
451
1
51
101
51
101
151
201
251
301
351
401
501
501
501
501
551
501
601
651
501
701
501
501
801
501
851
501
901
501
951
501
551
601
651
701
751
801
851
901
951
1001
551
601
551
651
701
601
751
801
701
901
951
751
1001
801
851
901
951
1001
751
801
801
851
901
951
1001
1051
1101
1151
1201
1251
1051
1051
1051
1101
1051
1151
1051
1201
1051
1251
1051
1301
1051
1351
1051
1401
1051
1451
1051
1501
1051
1101
1151
1201
1251
1301
1351
1401
1451
1501
1051
1101
1201
1251
1101
1151
1201
1251
1301
1351
1401
1501
1551
1301
1301
1301
1351
1301
1401
1301
1451
1301
1501
1301
1551
1301
1601
1301
1651
1301
1701
1301
1751
1301
1351
1401
1451
1501
1551
1601
1701
1801
1351
1351
1401
1401
1451
1501
1451
1551
1601
1501
1701
1551
1751
1551
1801
1551
1651
1701
1801
1551
1601
1651
1801
1551
1601
1601
1701
1801
1851
1901
1951
1601
1601
1651
1601
1701
1601
1751
1601
1601
1851
1601
1901
1601
1951
1651
1701
1751
1801
1651
1701
1751
1801
1851
1901
1651
1651
1701
1701
1751
1751
1851
1901
1801
1951
1801
1851
1951
1801
1851
1901
1851
1901
1951
1851
1851
1851
1901
1851
1951
1851
1901
1951
1851
1901
1951
1851
1901
1951
1851
1951
1851
1901
1951
1851
1901
1951
1901
1951
1851
1901
1951
1901
1951
1957
